Left Motor Characterization +ramp 0-63

2 , 0.992941 , 1.090685 , 1.192383 , 1.208159 , 1.116837 
3 , 0.738391 , 0.737055 , 0.717887 , 0.722014 , 0.736958 
4 , 0.540111 , 0.550704 , 0.534055 , 0.533704 , 0.536764 
5 , 0.433392 , 0.421533 , 0.423864 , 0.417813 , 0.423641 
6 , 0.360832 , 0.346427 , 0.340450 , 0.349032 , 0.354842 
7 , 0.306454 , 0.290895 , 0.296122 , 0.290532 , 0.299384 
8 , 0.261722 , 0.254111 , 0.256046 , 0.257356 , 0.252469 
9 , 0.232018 , 0.227404 , 0.226306 , 0.227677 , 0.227240 
10 , 0.206168 , 0.205672 , 0.209380 , 0.205924 , 0.203702 
11 , 0.186182 , 0.188972 , 0.186400 , 0.184902 , 0.185893 
12 , 0.175262 , 0.172662 , 0.171150 , 0.169517 , 0.170897 
13 , 0.159780 , 0.154847 , 0.158670 , 0.156209 , 0.159978 
14 , 0.148378 , 0.147502 , 0.146120 , 0.142702 , 0.136143 
15 , 0.138716 , 0.137590 , 0.138329 , 0.136672 , 0.138171 
16 , 0.129171 , 0.127244 , 0.127746 , 0.127469 , 0.129214 
17 , 0.122586 , 0.121440 , 0.122081 , 0.119357 , 0.118762 
18 , 0.116127 , 0.113602 , 0.114012 , 0.113150 , 0.115345 
19 , 0.109083 , 0.108874 , 0.108347 , 0.110896 , 0.106193 
20 , 0.102995 , 0.102473 , 0.102065 , 0.102451 , 0.103821 
21 , 0.100509 , 0.099050 , 0.098395 , 0.099492 , 0.098665 
22 , 0.095174 , 0.093418 , 0.093371 , 0.095042 , 0.093356 
23 , 0.091632 , 0.089281 , 0.090642 , 0.089561 , 0.088976 
24 , 0.087900 , 0.085950 , 0.084863 , 0.085562 , 0.087315 
25 , 0.074132 , 0.080836 , 0.083375 , 0.084823 , 0.085125 
26 , 0.078970 , 0.080790 , 0.077841 , 0.080369 , 0.079956 
27 , 0.076796 , 0.078723 , 0.078294 , 0.074931 , 0.078539 
28 , 0.074618 , 0.073732 , 0.074139 , 0.075318 , 0.072653 
29 , 0.073299 , 0.067905 , 0.071224 , 0.071614 , 0.069767 
30 , 0.070976 , 0.068975 , 0.071620 , 0.068792 , 0.071197 
31 , 0.067732 , 0.068373 , 0.066359 , 0.069236 , 0.067478 
32 , 0.064645 , 0.067260 , 0.063256 , 0.066063 , 0.068663 
33 , 0.063888 , 0.063146 , 0.068195 , 0.063567 , 0.065823 
34 , 0.063729 , 0.061983 , 0.061395 , 0.060635 , 0.064208 
35 , 0.060159 , 0.060577 , 0.062489 , 0.061198 , 0.061937 
36 , 0.058703 , 0.058557 , 0.058416 , 0.061768 , 0.057722 
37 , 0.055796 , 0.056352 , 0.057534 , 0.059087 , 0.056811 
38 , 0.057906 , 0.056469 , 0.053623 , 0.055270 , 0.054988 
39 , 0.053431 , 0.056284 , 0.054737 , 0.052968 , 0.053310 
40 , 0.053968 , 0.051167 , 0.053856 , 0.053526 , 0.052213 
41 , 0.051420 , 0.052359 , 0.054431 , 0.052900 , 0.051648 
42 , 0.052051 , 0.049893 , 0.051515 , 0.050927 , 0.050341 
43 , 0.050025 , 0.049329 , 0.050116 , 0.047921 , 0.049191 
44 , 0.048467 , 0.048460 , 0.047818 , 0.048320 , 0.048977 
45 , 0.048169 , 0.047134 , 0.047707 , 0.043262 , 0.050910 
46 , 0.043884 , 0.046251 , 0.046973 , 0.046436 , 0.046081 
47 , 0.049145 , 0.041818 , 0.046800 , 0.050640 , 0.041369 
48 , 0.046672 , 0.045950 , 0.046070 , 0.045758 , 0.044233 
49 , 0.044160 , 0.044571 , 0.044572 , 0.045140 , 0.044077 
50 , 0.043859 , 0.039929 , 0.043182 , 0.042903 , 0.043492 
51 , 0.043560 , 0.043729 , 0.043592 , 0.039666 , 0.045539 
52 , 0.042673 , 0.042620 , 0.041575 , 0.042999 , 0.041382 
53 , 0.042505 , 0.036628 , 0.042503 , 0.041802 , 0.044020 
54 , 0.040263 , 0.041003 , 0.037868 , 0.040489 , 0.041134 
55 , 0.040489 , 0.040213 , 0.035235 , 0.039900 , 0.040141 
56 , 0.041269 , 0.040082 , 0.034600 , 0.039660 , 0.039706 
57 , 0.041355 , 0.039082 , 0.034536 , 0.039408 , 0.040705 
58 , 0.038963 , 0.035154 , 0.040758 , 0.042250 , 0.039036 
59 , 0.033980 , 0.038625 , 0.038094 , 0.038494 , 0.033851 
60 , 0.037944 , 0.037660 , 0.037816 , 0.033025 , 0.037871 
61 , 0.038247 , 0.037855 , 0.032493 , 0.037422 , 0.038553 
62 , 0.036820 , 0.031507 , 0.036910 , 0.038835 , 0.036995 
63 , 0.033656 , 0.037071 , 0.037437 , 0.037292 , 0.033024 


,3,0.564078 ,3,0.711935 ,3,0.721257 ,3,0.704487 ,3,0.730346 
,4,0.538987 ,4,0.528757 ,4,0.520450 ,4,0.521871 ,4,0.541030 
,5,0.431271 ,5,0.416383 ,5,0.419470 ,5,0.429965 ,5,0.419296 
,6,0.353922 ,6,0.346235 ,6,0.344083 ,6,0.350909 ,6,0.344425 
,7,0.307116 ,7,0.290723 ,7,0.297135 ,7,0.295323 ,7,0.297264 
,8,0.261653 ,8,0.255054 ,8,0.260334 ,8,0.260772 ,8,0.260387 
,9,0.224182 ,9,0.225680 ,9,0.227895 ,9,0.230296 ,9,0.228353 
,10,0.206060 ,10,0.205963 ,10,0.206471 ,10,0.201745 ,10,0.203928 
,11,0.189075 ,11,0.188820 ,11,0.183758 ,11,0.183769 ,11,0.184482 
,12,0.174287 ,12,0.169894 ,12,0.168660 ,12,0.171527 ,12,0.170208 
,13,0.158706 ,13,0.157772 ,13,0.156278 ,13,0.157882 ,13,0.147649 
,14,0.141818 ,14,0.146848 ,14,0.144889 ,14,0.149441 ,14,0.145586 
,15,0.136035 ,15,0.134912 ,15,0.136694 ,15,0.135569 ,15,0.135488 
,16,0.130241 ,16,0.126300 ,16,0.129223 ,16,0.127241 ,16,0.128556 
,17,0.120141 ,17,0.119497 ,17,0.123852 ,17,0.112863 ,17,0.122228 
,18,0.114107 ,18,0.113816 ,18,0.115231 ,18,0.112680 ,18,0.116015 
,19,0.107998 ,19,0.105537 ,19,0.107024 ,19,0.109200 ,19,0.108676 
,20,0.103239 ,20,0.096952 ,20,0.102993 ,20,0.101428 ,20,0.102529 
,21,0.098164 ,21,0.096814 ,21,0.098601 ,21,0.096176 ,21,0.098414 
,22,0.095367 ,22,0.094588 ,22,0.095635 ,22,0.092306 ,22,0.092538 
,23,0.088888 ,23,0.090889 ,23,0.090309 ,23,0.090422 ,23,0.089437 
,24,0.087511 ,24,0.087620 ,24,0.086765 ,24,0.085761 ,24,0.085955 
,25,0.083749 ,25,0.084454 ,25,0.081427 ,25,0.082152 ,25,0.083808 
,26,0.077627 ,26,0.080366 ,26,0.081593 ,26,0.078919 ,26,0.080727 
,27,0.077107 ,27,0.076893 ,27,0.078372 ,27,0.074908 ,27,0.078952 
,28,0.075565 ,28,0.074307 ,28,0.073667 ,28,0.075993 ,28,0.071974 
,29,0.073324 ,29,0.071576 ,29,0.072329 ,29,0.071424 ,29,0.072419 
,30,0.068100 ,30,0.070220 ,30,0.066403 ,30,0.068361 ,30,0.070682 
,31,0.066889 ,31,0.066463 ,31,0.066104 ,31,0.068883 ,31,0.068265 
,32,0.065033 ,32,0.067491 ,32,0.064199 ,32,0.067098 ,32,0.065159 
,33,0.064064 ,33,0.065341 ,33,0.061599 ,33,0.064376 ,33,0.062846 
,34,0.066890 ,34,0.061150 ,34,0.062226 ,34,0.062110 ,34,0.065043 
,35,0.061058 ,35,0.060649 ,35,0.058853 ,35,0.062116 ,35,0.060013 
,36,0.061567 ,36,0.058590 ,36,0.060101 ,36,0.056304 ,36,0.059962 
,37,0.057587 ,37,0.056964 ,37,0.059001 ,37,0.059225 ,37,0.055722 
,38,0.055996 ,38,0.055852 ,38,0.056814 ,38,0.056110 ,38,0.055757 
,39,0.057868 ,39,0.053905 ,39,0.053739 ,39,0.054551 ,39,0.054145 
,40,0.054547 ,40,0.052863 ,40,0.051992 ,40,0.053172 ,40,0.053171 
,41,0.052095 ,41,0.051609 ,41,0.051507 ,41,0.052115 ,41,0.053842 
,42,0.049554 ,42,0.051507 ,42,0.050906 ,42,0.055746 ,42,0.051471 
,43,0.049214 ,43,0.050576 ,43,0.049937 ,43,0.050100 ,43,0.050405 
,44,0.049643 ,44,0.047701 ,44,0.048594 ,44,0.047523 ,44,0.047353 
,45,0.046511 ,45,0.047780 ,45,0.047521 ,45,0.047903 ,45,0.047618 
,46,0.043716 ,46,0.046336 ,46,0.048376 ,46,0.048059 ,46,0.047610 
,47,0.047066 ,47,0.045825 ,47,0.045219 ,47,0.047061 ,47,0.046544 
,48,0.045947 ,48,0.041056 ,48,0.045092 ,48,0.045019 ,48,0.046520 
,49,0.046137 ,49,0.044640 ,49,0.044961 ,49,0.044703 ,49,0.044380 
,50,0.044804 ,50,0.039042 ,50,0.045006 ,50,0.044319 ,50,0.044664 
,51,0.044715 ,51,0.043414 ,51,0.042297 ,51,0.038928 ,51,0.042821 
,52,0.043220 ,52,0.043079 ,52,0.043206 ,52,0.042799 ,52,0.043821 
,53,0.038971 ,53,0.041194 ,53,0.042085 ,53,0.043729 ,53,0.042135 
,54,0.037284 ,54,0.040423 ,54,0.042447 ,54,0.043424 ,54,0.043963 
,55,0.040605 ,55,0.035563 ,55,0.039970 ,55,0.041178 ,55,0.040888 
,56,0.041040 ,56,0.040368 ,56,0.034974 ,56,0.040166 ,56,0.040467 
,57,0.040694 ,57,0.039240 ,57,0.034540 ,57,0.040478 ,57,0.039001 
,58,0.036921 ,58,0.037552 ,58,0.036487 ,58,0.033759 ,58,0.037608 
,59,0.038513 ,59,0.034170 ,59,0.036409 ,59,0.038481 ,59,0.040502 
,60,0.036840 ,60,0.032852 ,60,0.034631 ,60,0.035176 ,60,0.035724 
,61,0.033415 ,61,0.035194 ,61,0.036173 ,61,0.030842 ,61,0.023480 
,62,0.032971 ,62,0.038067 ,62,0.037446 ,62,0.030942 ,62,0.037131 
,63,0.036376 ,63,0.036992 ,63,0.031940 ,63,0.035088 ,63,0.034825 